lastAccountName: ColdPotato
timestamps:
  login: 1568980111601
  logout: 1568980165475
ipAddress: 84.241.194.56
lastlocation:
  world: world
  x: -79.42814643416651
  y: 73.0
  z: -108.39505008848802
  yaw: 265.1232
  pitch: 21.299656
geolocation: Netherlands
logoutlocation:
  world: world
  x: -81.71801380143077
  y: 71.0
  z: -83.96597525600355
  yaw: 112.42623
  pitch: 68.24958
